250
2916.52 7901.66
3193.64 5498.21
8422.34 4192.94
707.574 2192.98
7373.71 9900.28
3965.1 1447.61
9915.75 3939.79
6071.21 8831.3
7705.5 6282.45
9101.32 5887.54
1885.79 4458.16
8219.39 3360.41
8428.07 583.832
2467.77 5794.04
368.999 1766.68
2526.98 938.488
3175.7 3954.46
2675.41 5613.02
8044.67 6749.28
5091.84 8473.23
9515.94 4367.85
389.462 5695.77
8788.53 8817.87
1944.56 2253.49
4412.27 7038.55
6929.62 6167.09
281.594 2753.33
5238.99 1715.87
8675.1 2436.25
6111.63 8097.7
8044.77 8518.51
524.223 612.362
1964.76 1729.54
8303.12 601.71
2946.42 563.374
8620.62 6733.13
3677.34 5064.69
2300.93 1704.31
4307.3 2783.1
5490.97 6657.88
9031.32 9315.64
7950.98 2157.58
2518.77 3005.77
8043.68 195.566
6885.38 2544.15
9448.9 7728.65
5435.28 687.121
8448.59 5403.96
4306.5 9339.35
6455.38 5615.68
2767.2 8393.57
808.667 1268.08
2651.37 1604.65
9321.68 9501.96
9412.26 1820.86
3206.05 4005.05
2928.17 3832.62
4889.22 3169.87
6053 2806.73
2628.73 987.415
5478.39 5217.4
8900.97 8576.98
3353.88 8709.42
9178.07 5895.38
3729.59 3190.99
1037.62 9347.81
8586.24 8932.63
776.98 8700.87
5551.36 1760.98
6874.58 1083.98
8492.84 9185.62
2725.53 8039.96
7683.77 1164.01
3486.02 9490.69
9990.25 6157.54
9812.69 1929.6
842.726 3697.96
1690.75 6484.27
1177.72 3911.62
2672.13 563.435
9658.16 4697.7
4274.9 8312.68
1253.59 9123.64
1012.07 9878.61
9815.49 8895.1
9901.73 8344.08
9026.92 5382.28
9927.73 5360.4
2317.53 744.112
6298.2 3819.57
5564.54 3187.13
6068.82 8653.23
4793.26 352.002
6092.07 9376.18
5490.12 2452.79
3999.7 2987.7
4202.04 3638.66
5026.81 5616.01
8216.63 6840.08
1238.46 4768.44
3151.11 696.497
6017.51 6215.67
6706.68 9137.38
1867.58 8430.76
5789.02 6047.46
9691.09 8117.49
657.641 2976.8
1112.19 2568.98
6787.54 8189.29
7447.62 2203.9
898.075 3947.96
3411.86 3129.64
9921.77 5190
8328.69 220.859
1981.2 7998.88
7232.4 4910.18
5459.8 2818.25
6295.75 2747.02
9198.5 9124.41
3935.99 2174.31
3552.19 1617.45
4423.88 2217.24
5213.01 5055.18
2461.58 1780.26
803.152 8581.8
4303.19 3782.85
8366.34 3007.39
5181.23 899.063
559.823 8944.08
3206.27 7759.28
289.769 149.626
4771.01 6285.99
8585.09 9638.68
7244.76 2680.33
8313.64 7328.95
7740.49 4343.86
7249.58 3721.13
1063.82 9543.43
6472.53 3844.5
4590.54 3194.89
6588.63 5138.45
1859.14 6496.58
8016.68 6399.43
5261.61 1815.47
2609.09 984.798
1503.19 4116.5
5936.35 2283.22
4161.95 9885.32
2536.26 6881.01
9119.65 4012.64
389.52 6665.61
8951.24 3429.4
7868.91 2769.55
7834.64 6807.39
1845.34 4577.7
7425.26 6330.77
1315.82 4941.56
2851.04 7402.07
6559.58 6929.37
2004.01 1385.95
3614.3 5474.32
6839.28 7715.12
7993.55 7602.78
9960.54 6852.64
2258.43 7373.43
5215.8 2022.01
3882.01 4879.28
6109.84 8050.23
276.268 3229.22
3418.73 8668.45
719.059 5216.29
150.24 5082.64
3898.76 6377.35
4119.99 4718.41
2356.28 1947.73
5536.66 4720
8968.91 411.779
762.15 9455.59
27.6581 4849.78
334.233 7461.53
5940.14 5879.28
3128.49 504.783
3883.75 4192.48
3003.06 2448.2
6826.38 950.908
1913.58 1455.81
7784.21 9146.56
6310.41 9103.75
6755.35 7223.29
1885.65 2064.77
2648.4 1696.83
8631.23 5034.96
2559 9079.95
6749.93 6132.81
4092.47 2168.17
454.956 6441.97
178.289 6510.41
428.545 2556.13
909.51 6133.07
8491.28 2982
8426.3 748.617
2004.08 2521.08
1855.09 8470.25
9454.41 275.233
5833.94 953.918
2499.08 2003.34
116.054 514.748
1366.41 5235.81
8220.92 8954.83
3825.88 1556.9
6821.2 3835.2
8216.86 834.19
233.259 388.568
659.435 3128.44
9648.66 4965.11
8526.28 1265.13
3040.1 4880.99
4740.34 902.197
3221.97 1728.32
7854.31 7353.47
9804.54 4912.18
9055.04 7981.5
5033.65 543.813
9858.79 6758.87
6244.21 6491.99
924.99 6301.78
3936.65 3353.49
2128.77 8259.67
272.323 6939.16
6514.76 3584.98
2823.16 8766.36
6135.71 2949.29
8649.06 4683.24
1169.01 7606.89
8937.39 679.279
6649.01 9859.62
658.34 4725.2
6432.1 4386.28
260.075 1072.39
3651 2288.64
5090.51 6161.66
8958.74 9603.23
1420.37 2200.01
5560.96 3085.07
832.419 473.803
3210.66 1646
4347.8 3539.09
1417.46 3254.91
5333.83 5628.76
2531.89 3430.77
